823,71.26
1661,71.26
2488,71.49
823,71.49
823,71.49
883,70.36
1710,70.02
2535,70.02
3361,70.14
4188,69.69
5014,69.24
5840,62.04
6667,55.63
7493,51.01
8320,47.97
9146,45.61
9972,43.59
10799,42.24
11625,41.22
12451,40.55
13278,39.99
14104,39.43
14930,39.09
15757,38.75
16583,38.53
17410,38.53
18236,38.41
19062,38.41
19889,38.30
20715,38.64
21541,39.09
22368,39.31
23194,39.43
24020,39.76
24847,39.88
25673,39.88
26505,39.88
27331,40.10
28157,40.10
28984,40.10
29810,39.88
30636,39.65
31460,39.54
32286,39.54
33113,39.31
33938,39.20
34764,38.97
35591,38.97
36417,38.97
37243,38.97
38109,38.86
38935,38.75
39761,38.64
40588,38.53
41414,38.53
42241,38.41
43067,38.86
43893,39.54
44720,40.10
45546,40.44
46372,41.45
47199,42.35
48025,43.25
48851,43.70
49678,44.15
50504,44.26
51331,44.38
52157,44.49
52983,44.60
53810,44.71
54636,44.83
55462,44.15
56289,43.70
57115,43.14
57942,42.91
58767,42.58
59593,42.35
60420,42.24
61246,42.01
62072,41.79
62899,41.79
63729,41.79
64556,41.68
65382,41.56
672,41.56
1499,41.45
2325,41.34
3151,41.22
3978,41.00
4804,41.00
5630,40.89
6456,40.78
7282,40.66
8109,40.66
8935,40.44
9761,40.44
10588,40.33
11414,40.33
12240,40.44
13067,41.45
13901,42.46
14728,43.25
15553,44.26
16379,44.71
17206,45.39
18032,45.84
18857,46.06
19684,46.51
20510,47.08
21337,47.41
22162,47.75
22988,48.20
23815,48.65
24641,48.54
25467,47.97
26293,47.64
27119,47.53
27945,47.41
28772,47.64
29598,47.64
30425,47.86
31255,47.97
32081,48.09
32947,48.20
33812,48.43
34638,48.65
35465,48.65
36291,48.99
37117,49.21
37944,49.44
38770,49.55
39597,49.78
40423,50.00
41249,50.11
42076,50.22
42902,50.45
43728,50.56
44555,50.68
45381,50.79
46208,50.90
47034,51.13
47860,51.24
48687,51.35
49513,51.46
50339,51.57
51166,51.57
51992,51.80
52818,51.80
53645,52.03
54471,52.03
55298,52.36
56124,52.47
56950,52.59
57777,52.93
58603,53.04
59429,53.26
60256,53.26
61082,53.60
61908,53.71
62735,53.71
63561,53.94
64392,54.05
65218,54.28
515,54.39
1340,54.50
2166,54.61
2993,54.95
3818,54.95
4644,55.18
5471,55.40
6296,55.51
7122,55.51
7949,55.85
8774,56.07
9601,56.30
10426,56.30
11252,56.53
12079,56.64
12905,56.86
13731,56.97
14558,57.20
15384,57.20
16210,57.54
17037,57.54
17863,57.76
18690,57.88
19516,57.88
20342,58.10
21169,58.32
21995,58.44
22821,58.21
23648,58.32
24474,58.32
25300,58.32
26127,58.44
26953,58.44
27780,58.66
28605,58.66
29431,58.66
30258,58.78
31084,58.66
31916,58.78
32742,58.89
33568,59.00
34395,59.00
35220,59.00
36046,59.00
36873,59.00
37699,59.11
38525,59.22
39352,59.11
40178,59.00
41005,59.22
41831,59.22
42657,59.22
43484,59.11
44310,59.22
45136,59.11
45963,59.11
46789,59.11
47616,59.11
48442,59.11
49268,59.11
50095,59.11
50921,59.11
51747,59.11
52581,59.11
53407,59.11
54234,59.22
55060,59.22
55886,59.34
56712,59.22
57538,59.34
58364,59.34
59191,59.34
60016,59.22
60843,59.22
61669,59.34
62495,59.34
63321,59.34
64151,59.45
64977,59.56
268,59.45
1094,59.45
1921,59.56
2747,59.45
3573,59.56
4400,59.56
5225,59.56
6051,59.68
6878,59.45
7704,59.68
8530,59.68
9357,59.68
10183,59.79
11010,59.79
11836,59.90
12662,60.01
13489,60.13
14315,60.13
15141,60.13
15968,60.24
16794,60.35
17620,60.57
18446,60.69
19272,60.91
20099,60.80
20925,61.03
21751,61.25
22578,61.25
23404,61.36
24230,61.70
25057,61.81
25883,61.93
26710,62.15
27536,62.15
28362,62.49
29189,62.60
30015,62.82
30841,62.82
31668,63.16
32498,63.28
33325,63.28
34151,63.39
34977,63.61
35804,63.84
36630,63.84
37456,64.06
38283,64.06
39115,64.29
39942,64.40
40768,64.51
41593,64.51
42420,64.62
43246,64.74
44072,64.74
44899,64.85
45724,64.96
46551,64.96
47377,65.19
48203,65.30
49029,65.30
49855,65.30
50681,65.30
51508,65.41
52334,65.41
53160,65.30
53987,65.52
54813,65.41
55640,65.52
56466,65.52
57292,65.64
58119,65.64
58945,65.64
59771,65.75
60598,65.64
61424,65.64
62251,65.75
63077,65.75
63903,65.75
64734,65.75
24,65.75
850,65.75
1676,65.86
2502,65.75
3329,65.75
4155,65.75
4981,65.86
5808,65.97
6634,66.20
7460,66.99
8287,68.00
9112,68.45
9938,68.90
10765,69.24
11630,69.57
12456,69.80
13283,70.02
14109,70.02
14936,70.25
15801,70.25
16627,70.25
17454,70.14
18280,70.14
19144,70.14
19971,70.14
20797,70.02
21623,69.91
22450,69.91
23276,69.80
24102,69.80
24929,69.69
25755,69.69
26588,69.80
27414,69.80
28239,69.91
29066,69.91
29892,69.57
30718,69.24
31545,69.35
32370,69.35
33239,69.35
34065,69.35
34891,69.46
35717,69.57
36543,69.57
37369,69.69
38196,69.80
39022,69.91
39848,69.91
40675,70.02
41501,70.02
42328,70.14
43154,70.14
43980,70.14
44807,70.14
45633,70.02
46459,70.02
47286,69.91
48112,70.02
48939,69.91
49765,70.25
50591,70.70
51418,71.04
52244,71.37
53070,71.60
53897,71.71
54723,71.82
55549,71.94
56376,72.27
57202,72.61
58029,72.84
58855,72.84
59681,72.72
60508,72.84
61334,72.84
62160,72.72
62987,72.84
63813,72.95
64640,72.84
65470,72.84
760,72.95
1587,73.06
2413,73.18
3239,73.29
4066,73.40
4892,73.40
5719,73.62
6545,73.62
7371,73.74
8197,73.96
9023,74.07
9849,74.19
10676,74.30
11502,74.52
12328,74.64
13161,74.64
13987,74.86
14813,74.97
15639,74.97
16465,74.75
17292,74.30
18117,72.50
18944,71.49
19770,71.04
20596,70.81
21422,70.59
22248,70.47
23074,70.36
23901,70.25
24727,70.25
25553,70.25
26380,70.93
27206,70.70
28033,70.59
28898,70.47
29724,70.70
