1033,75.99
1875,69.69
2705,61.25
3534,55.51
4363,51.80
5192,49.10
6022,47.30
6851,46.06
7681,44.94
8510,44.15
9338,43.47
10168,42.91
10997,42.58
11827,42.13
12656,41.79
13486,41.56
14315,41.45
15144,41.22
15973,41.00
16802,40.89
17631,40.89
18460,40.66
19295,40.66
20123,40.66
20952,40.55
21780,40.55
22609,40.55
23439,40.44
24268,40.44
25097,40.44
25926,40.33
26756,40.44
27585,40.44
28414,40.33
29244,40.44
30072,40.44
30902,40.33
31731,40.33
32560,40.33
33389,40.44
34219,40.33
35053,40.44
35883,40.33
36712,40.33
37541,40.33
38371,40.33
39199,40.44
40029,40.44
40858,40.44
41688,40.44
42517,40.44
43346,40.44
44176,40.44
45005,40.55
45834,40.66
46663,40.78
47493,40.66
48322,40.89
49152,40.78
49980,40.89
50809,40.89
51639,40.89
52468,41.11
53298,41.00
54127,41.11
54957,41.22
55785,41.22
56614,41.22
57444,41.34
58273,41.34
59103,41.45
59932,41.45
60761,41.56
61590,41.68
62419,41.56
63249,41.68
64078,41.68
64908,41.68
65736,41.79
66566,41.90
67401,41.90
68231,41.90
69060,41.90
69889,42.01
70718,42.01
71547,42.01
72377,42.01
73206,42.13
74036,42.13
74865,42.13
75695,42.24
76524,42.24
77352,42.35
78182,42.35
79011,42.35
79841,42.46
80670,42.46
81500,42.35
82329,42.46
83159,42.58
83988,42.58
84816,42.69
85646,42.58
86475,42.80
87305,42.80
88134,42.80
88964,43.03
89793,42.91
90621,43.03
91451,43.03
92280,43.14
93110,43.14
93939,43.25
94769,43.25
95598,43.36
96428,43.47
97257,43.59
98086,43.59
98916,43.59
99744,43.81
100572,43.93
101401,43.93
102231,44.15
103060,44.15
103889,44.26
104719,44.38
105548,44.49
106378,44.71
107207,44.71
108037,44.83
108866,44.94
109696,45.16
110525,45.28
111354,45.39
112184,45.50
113013,45.61
113843,45.84
114672,45.95
115502,46.06
116331,46.06
117160,46.18
117990,45.72
118819,45.28
119649,44.83
120478,44.60
121307,44.26
122175,44.15
123003,44.15
123832,44.15
124667,44.38
125496,44.49
126324,44.83
127154,44.83
127982,45.05
128812,45.39
129641,45.39
130476,45.61
131305,45.72
132134,45.84
132964,46.06
133793,46.29
134622,46.51
135451,46.74
136281,46.96
137109,47.19
137938,47.30
138768,47.53
139597,47.75
140426,47.97
141255,48.31
142085,48.54
142914,48.76
143744,48.99
144573,49.10
145402,49.21
146232,49.44
147061,49.55
147891,49.78
148720,50.00
149550,50.22
150379,50.45
151208,50.56
152038,50.79
152866,51.01
153696,51.01
154525,51.24
155355,51.35
156183,51.46
157012,51.80
157842,51.91
158671,52.14
159501,52.25
160330,52.36
161166,52.59
161995,52.70
162825,52.70
163654,52.93
164483,53.15
165312,53.38
166141,53.38
166971,53.60
167800,53.71
168630,53.82
169459,54.05
170289,54.16
171118,54.28
171948,54.39
172816,54.61
173645,54.61
174475,54.84
175304,54.95
176134,55.06
176963,55.29
177793,55.29
178622,55.40
179451,55.63
180281,55.74
181110,55.85
181940,55.96
182769,56.19
183599,56.19
184428,56.41
185257,56.53
186087,56.64
186916,56.75
187746,56.86
188574,56.97
189404,57.20
190233,57.20
191069,57.31
191898,57.43
192728,57.54
193557,57.65
194386,57.76
195216,57.88
196045,57.99
196875,58.10
197704,58.21
198534,58.21
199363,58.32
200193,58.44
201022,58.55
201851,58.66
202681,58.78
203510,58.78
204340,58.89
205169,59.00
205999,59.11
206828,59.22
207657,59.34
208487,59.34
209316,59.45
210146,59.56
210975,59.68
211805,59.68
212634,59.79
213464,59.79
214293,59.90
215122,60.13
215952,60.13
216781,60.24
217611,60.35
218440,60.35
219270,60.46
220099,60.57
220929,60.57
221763,60.69
222593,60.69
223422,60.80
224251,60.80
225081,61.03
225910,61.03
226739,61.14
227567,61.14
228397,61.25
229231,61.36
230060,61.47
230889,61.47
231717,61.47
232546,61.59
233375,61.70
234204,61.81
235033,61.93
235863,61.93
236692,62.04
237560,62.15
238389,62.26
239218,62.26
240048,62.38
240877,62.49
241705,62.60
242535,62.60
243403,62.71
244232,62.71
245061,62.82
245891,62.94
246719,63.05
247548,63.16
248378,63.16
249207,63.28
250037,63.39
250866,63.39
251701,63.39
252530,63.61
253360,63.61
254189,63.72
255019,63.72
255847,63.84
256676,63.84
257506,63.95
258334,64.06
259164,64.18
259993,64.29
260822,64.29
261651,64.40
262480,64.51
263310,64.51
264139,64.62
264968,64.62
265797,64.74
266627,64.96
267456,64.96
268285,64.96
269115,65.07
269944,65.07
270773,65.30
271602,65.30
272432,65.41
273261,65.41
274091,65.52
274919,65.64
275748,65.64
276578,65.75
277407,65.75
278237,65.75
279066,65.86
279896,65.86
280725,65.86
281554,65.97
282390,66.09
283219,66.09
284049,66.20
284878,66.20
285707,66.31
286536,66.43
287366,66.31
288195,66.43
289025,66.54
289854,66.54
290683,66.65
291513,66.65
292342,66.76
293172,66.76
294000,66.76
294830,66.76
295659,66.87
296488,66.87
297318,66.99
298147,66.87
298977,66.99
299806,67.10
1360,67.10
2190,67.10
3019,67.10
3849,66.99
4677,66.99
5507,66.99
6336,66.99
7165,66.99
7995,66.99
8823,66.99
9653,66.87
10482,66.99
11312,66.99
12141,66.99
12971,66.99
13800,67.10
14628,67.10
15456,67.10
16285,66.99
17115,66.99
17944,67.10
18774,67.21
19602,67.32
20431,67.21
21261,67.21
22090,67.21
22920,67.32
23749,67.21
24579,67.32
25408,67.32
26236,67.32
27066,67.32
27895,67.44
28725,67.44
29554,67.32
30384,67.44
31213,67.44
32041,67.44
32870,67.44
33698,67.44
34527,67.44
35362,67.44
36191,67.44
37019,67.55
37848,67.44
38676,67.55
39505,67.55
40335,67.55
41163,67.44
41993,67.44
42822,67.44
43651,67.66
44480,67.55
45309,67.44
46138,67.55
46967,67.55
47802,67.55
48630,67.55
49460,67.55
50289,67.55
51118,67.55
51947,67.55
52775,67.55
53605,67.55
54434,67.66
55263,67.66
56092,67.66
56922,67.66
57751,67.77
58579,67.77
59409,67.77
60238,67.77
61068,67.77
61896,67.77
62726,67.89
63555,67.77
64384,67.77
65213,67.89
66041,67.89
66871,68.00
67700,68.00
68529,68.00
69358,68.00
70188,68.00
71017,68.00
71845,68.00
72675,68.11
73504,68.00
74334,68.11
75162,68.11
75992,68.11
76821,68.11
77649,68.22
